=== Unnormalized, unweighted, undirected
 2 -1  0  0 -1
-1  2 -1  0  0
 0 -1  2 -1  0
 0  0 -1  2 -1
-1  0  0 -1  2
===
 2 -1  0  0 -1
-1  2 -1  0  0
 0 -1  2 -1  0
 0  0 -1  2 -1
-1  0  0 -1  2
===
 2 -1  0  0 -1
-1  3 -2  0  0
 0 -2  3 -1  0
 0  0 -1  3 -2
-1  0  0 -2  3
===
 2 -1  0  0 -1 0
-1  3 -2  0  0 0
 0 -2  3 -1  0 0
 0  0 -1  3 -2 0
-1  0  0 -2  3 0
 0  0  0  0  0 0
=== Unnormalized, unweighted, directed
 1 -1  0  0  0
 0  1 -1  0  0
 0  0  1 -1  0
 0  0  0  1 -1
-1  0  0  0  1
===
 1 -1  0  0  0
 0  1 -1  0  0
 0  0  1 -1  0
 0  0  0  1 -1
-1  0  0  0  1
===
 1 -1  0  0  0
 0  2 -2  0  0
 0  0  1 -1  0
 0  0  0  2 -2
-1  0  0  0  1
===
 1 -1  0  0  0 0
 0  2 -2  0  0 0
 0  0  1 -1  0 0
 0  0  0  2 -2 0
-1  0  0  0  1 0
 0  0  0  0  0 0
=== Unnormalized, weighted, undirected
 6 -1  0  0 -5
-1  3 -2  0  0
 0 -2  5 -3  0
 0  0 -3  7 -4
-5  0  0 -4  9
===
 6 -1  0  0 -5
-1  3 -2  0  0
 0 -2  5 -3  0
 0  0 -3  7 -4
-5  0  0 -4  9
===
 6 -1  0  0 -5
-1  6 -5  0  0
 0 -5  8 -3  0
 0  0 -3 10 -7
-5  0  0 -7 12
===
 6 -1  0  0 -5 0
-1  6 -5  0  0 0
 0 -5  8 -3  0 0
 0  0 -3 10 -7 0
-5  0  0 -7 12 0
 0  0  0  0  0 0
=== Unnormalized, weighted, directed
 1 -1  0  0  0
 0  2 -2  0  0
 0  0  3 -3  0
 0  0  0  4 -4
-5  0  0  0  5
===
 1 -1  0  0  0
 0  2 -2  0  0
 0  0  3 -3  0
 0  0  0  4 -4
-5  0  0  0  5
===
 1 -1  0  0  0
 0  5 -5  0  0
 0  0  3 -3  0
 0  0  0  7 -7
-5  0  0  0  5
===
 1 -1  0  0  0 0
 0  5 -5  0  0 0
 0  0  3 -3  0 0
 0  0  0  7 -7 0
-5  0  0  0  5 0
 0  0  0  0  0 0
=== Normalized, unweighted, undirected
   1 -0.5    0    0 -0.5
-0.5    1 -0.5    0    0
   0 -0.5    1 -0.5    0
   0    0 -0.5    1 -0.5
-0.5    0    0 -0.5    1
===
        1 -0.353553         0         0 -0.5
-0.353553       0.5     -0.25         0    0
        0     -0.25       0.5 -0.353553    0
        0         0 -0.353553         1 -0.5
     -0.5         0         0      -0.5    1
===
        1 -0.316228         0         0 -0.408248
-0.316228       0.6      -0.4         0         0
        0      -0.4       0.6 -0.258199         0
        0         0 -0.258199         1 -0.666667
-0.408248         0         0 -0.666667         1
===
        1 -0.316228         0         0 -0.408248 0
-0.316228       0.6      -0.4         0         0 0
        0      -0.4       0.6 -0.258199         0 0
        0         0 -0.258199         1 -0.666667 0
-0.408248         0         0 -0.666667         1 0
        0         0         0         0         0 0
=== Normalized, unweighted, directed
 1 -1  0  0  0
 0  1 -1  0  0
 0  0  1 -1  0
 0  0  0  1 -1
-1  0  0  0  1
===
 1 -0.707107    0         0  0
 0       0.5 -0.5         0  0
 0         0  0.5 -0.707107  0
 0         0    0         1 -1
-1         0    0         0  1
===
 1 -0.57735         0    0        0
 0 0.666667 -0.816497    0        0
 0        0       0.5 -0.5        0
 0        0         0    1 -1.41421
-1        0         0    0        1
===
 1 -0.57735         0    0        0 0
 0 0.666667 -0.816497    0        0 0
 0        0       0.5 -0.5        0 0
 0        0         0    1 -1.41421 0
-1        0         0    0        1 0
 0        0         0    0        0 0
=== Normalized, weighted, undirected
        1 -0.235702         0         0 -0.680414
-0.235702         1 -0.516398         0         0
        0 -0.516398         1 -0.507093         0
        0         0 -0.507093         1 -0.503953
-0.680414         0         0 -0.503953         1
===
        1 -0.154303         0         0 -0.680414
-0.154303  0.428571 -0.251976         0         0
        0 -0.251976  0.555556 -0.377964         0
        0         0 -0.377964         1 -0.503953
-0.680414         0         0 -0.503953         1
===
        1 -0.129099         0         0 -0.589256
-0.129099       0.6 -0.456435         0         0
        0 -0.456435  0.666667 -0.273861         0
        0         0 -0.273861         1  -0.63901
-0.589256         0         0  -0.63901         1
===
        1 -0.129099         0         0 -0.589256 0
-0.129099       0.6 -0.456435         0         0 0
        0 -0.456435  0.666667 -0.273861         0 0
        0         0 -0.273861         1  -0.63901 0
-0.589256         0         0  -0.63901         1 0
        0         0         0         0         0 0
=== Normalized, weighted, directed
       1 -0.707107         0         0         0
       0         1 -0.816497         0         0
       0         0         1 -0.866025         0
       0         0         0         1 -0.894427
-2.23607         0         0         0         1
===
       1 -0.5         0        0         0
       0  0.5 -0.447214        0         0
       0    0       0.6 -0.67082         0
       0    0         0        1 -0.894427
-2.23607    0         0        0         1
===
       1 -0.377964         0         0        0
       0  0.714286 -0.845154         0        0
       0         0       0.6 -0.507093        0
       0         0         0         1 -1.18322
-2.23607         0         0         0        1
===
       1 -0.377964         0         0        0 0
       0  0.714286 -0.845154         0        0 0
       0         0       0.6 -0.507093        0 0
       0         0         0         1 -1.18322 0
-2.23607         0         0         0        1 0
       0         0         0         0        0 0
