alpha = 3.04393
xmin = 7.00000
log-likelihood = -3103.87560
