alpha = 3.14716
xmin = 9.00000
log-likelihood = -1984.56666
