Modularity:  0.452381
Membership: 1 1 1 1 1 0 0 0 0 0 
Modularity:  0.380671
Membership: 0 2 2 2 0 0 0 2 1 2 0 0 2 2 1 1 0 2 1 0 1 2 1 1 1 1 1 1 1 1 1 1 1 1 
Modularity:  0.500000
Membership: 1 1 1 1 0 0 0 0 2 
