Modularity:  0.452381
Membership: 0 0 0 0 0 1 1 1 1 1 
Warning: Modularity of the result is less than the maximum modularity possible
Modularity:  0.338922
Membership: 0 0 0 0 0 0 0 0 1 0 0 0 0 0 1 1 0 0 1 0 1 0 1 1 1 1 1 1 1 1 1 1 1 1 
