alpha = 3.22215
xmin = 10.00000
log-likelihood = -1651.50565
